POLICY_V3
1 1 4 7 9 8 9 8 8 8 7
1 2 3 6 4 6 3 5 3
1 3 9 0 2 0 3 1 3 1 4 2 4 3 4 3 5 3 6 4 6
1 4 5 3 6 3 5 2 5 1 5 1 6
1 5 7 5 6 4 6 3 6 2 6 1 6 1 7 0 7
1 6 3 6 3 6 2 5 2
1 7 4 4 3 4 2 3 2 3 1
1 8 7 2 6 2 5 3 5 3 4 3 3 2 3 2 2
1 9 5 3 2 4 2 4 1 4 0 5 0
1 10 4 1 2 2 2 2 1 2 0
1 11 6 3 2 2 2 1 2 1 3 1 4 0 4
1 12 5 0 4 1 4 2 4 3 4 3 5
1 13 6 0 4 0 3 1 3 1 2 2 2 2 3
1 14 2 8 6 7 6
1 15 5 7 9 8 9 8 8 8 7 8 6
1 16 6 9 7 9 6 8 6 7 6 7 7 7 8
1 17 4 9 7 8 7 8 6 8 5
1 18 3 1 5 0 5 0 6
1 19 6 9 5 9 6 9 7 9 8 8 8 7 8
1 20 4 2 3 2 2 1 2 0 2
1 21 2 8 3 7 3
1 22 6 4 4 3 4 3 3 2 3 1 3 1 4
1 23 7 4 2 3 2 3 3 4 3 4 4 4 5 3 5
1 24 7 6 1 6 2 5 2 4 2 3 2 3 1 2 1
1 25 3 7 8 6 8 6 7
1 26 6 1 5 1 6 1 7 0 7 0 8 0 9
1 27 2 0 4 0 5
1 28 6 2 5 3 5 4 5 4 4 4 3 5 3
1 29 7 3 4 3 5 2 5 2 6 2 7 1 7 1 8
1 30 4 1 5 2 5 2 4 2 3
1 31 5 1 5 1 4 0 4 0 3 1 3
1 32 11 0 5 1 5 1 4 1 3 2 3 2 4 2 5 2 6 2 7 3 7 3 8
1 33 3 2 8 3 8 3 9
1 34 7 2 7 2 8 3 8 3 9 4 9 4 8 5 8
1 35 3 2 7 3 7 4 7
1 36 4 1 2 1 3 2 3 2 2
1 37 4 3 4 2 4 2 3 3 3
1 38 6 4 7 4 6 3 6 3 5 3 4 4 4
1 39 2 5 4 5 5
1 40 3 4 8 4 7 5 7
1 41 7 5 6 5 5 4 5 3 5 2 5 1 5 0 5
1 42 8 6 6 5 6 5 5 4 5 3 5 3 6 4 6 4 7
1 43 6 4 6 5 6 5 7 4 7 3 7 3 8
1 44 4 3 6 2 6 1 6 1 5
1 45 2 6 6 5 6
1 46 2 2 9 3 9
1 47 6 0 9 1 9 1 8 1 7 1 6 1 5
1 48 2 3 5 3 4
1 49 6 4 5 4 4 5 4 6 4 6 5 6 6
1 50 5 3 3 3 4 4 4 4 5 4 6
2 1 7 4 3 3 3 3 4 2 4 2 3 2 2 1 2
2 2 3 6 4 6 3 5 3
2 3 9 0 2 0 3 1 3 1 4 2 4 3 4 3 5 3 6 4 6
2 4 5 3 6 3 5 2 5 1 5 1 6
2 5 7 5 6 4 6 3 6 2 6 1 6 1 7 0 7
2 6 2 7 3 8 3
2 7 4 4 3 4 2 3 2 3 1
2 8 7 2 6 2 5 3 5 3 4 3 3 2 3 2 2
2 9 5 3 2 4 2 4 1 4 0 5 0
2 10 4 1 2 2 2 2 1 2 0
2 11 2 8 1 8 0
2 12 4 1 3 1 2 1 1 1 0
2 13 6 0 4 0 3 1 3 1 2 2 2 2 3
2 14 2 8 6 7 6
2 15 5 7 9 8 9 8 8 8 7 8 6
2 16 6 9 7 9 6 8 6 7 6 7 7 7 8
2 17 4 9 7 8 7 8 6 8 5
2 18 3 1 5 0 5 0 6
2 19 6 9 5 9 6 9 7 9 8 8 8 7 8
2 20 4 2 3 2 2 1 2 0 2
2 21 2 8 3 7 3
2 22 6 4 4 3 4 3 3 2 3 1 3 1 4
2 23 7 4 2 3 2 3 3 4 3 4 4 4 5 3 5
2 24 7 6 1 6 2 5 2 4 2 3 2 3 1 2 1
2 25 3 7 8 6 8 6 7
2 26 6 1 5 1 6 1 7 0 7 0 8 0 9
2 27 2 0 4 0 5
2 28 5 3 4 2 4 2 5 1 5 0 5
2 29 7 3 4 3 5 2 5 2 6 2 7 1 7 1 8
2 30 4 1 5 2 5 2 4 2 3
2 31 5 1 5 1 4 0 4 0 3 1 3
2 32 11 0 5 1 5 1 4 1 3 2 3 2 4 2 5 2 6 2 7 3 7 3 8
2 33 3 2 8 3 8 3 9
2 34 7 2 7 2 8 3 8 3 9 4 9 4 8 5 8
2 35 3 3 6 3 7 3 8
2 36 4 1 2 1 3 2 3 2 2
2 37 4 3 4 2 4 2 3 3 3
2 38 6 4 7 4 6 3 6 3 5 3 4 4 4
2 39 2 5 4 5 5
2 40 3 4 8 4 7 5 7
2 41 7 5 6 5 5 4 5 3 5 2 5 1 5 0 5
2 42 8 6 6 5 6 5 5 4 5 3 5 3 6 4 6 4 7
2 43 6 4 6 5 6 5 7 4 7 3 7 3 8
2 44 4 3 6 2 6 1 6 1 5
2 45 2 6 6 5 6
2 46 2 2 9 3 9
2 47 6 0 9 1 9 1 8 1 7 1 6 1 5
2 48 2 3 5 3 4
2 49 3 2 5 3 5 4 5
2 50 5 3 3 3 4 4 4 4 5 4 6
3 1 6 5 7 5 6 5 5 6 5 7 5 7 4
3 2 14 4 9 3 9 3 8 2 8 2 7 1 7 0 7 0 6 0 5 1 5 2 5 3 5 4 5 4 4
3 3 5 1 9 1 8 2 8 2 7 3 7
3 4 6 8 5 8 6 7 6 6 6 6 7 5 7
3 5 7 3 5 3 6 3 7 2 7 1 7 1 8 1 9
3 6 12 4 9 5 9 5 8 5 7 5 6 5 5 4 5 3 5 3 4 3 3 3 2 3 1
3 7 11 4 6 4 7 3 7 2 7 1 7 1 8 1 9 2 9 2 8 3 8 4 8
3 8 9 0 9 0 8 0 7 1 7 2 7 2 8 2 9 3 9 4 9
3 9 5 6 4 5 4 4 4 4 3 5 3
3 10 9 2 8 2 9 3 9 4 9 4 8 4 7 5 7 5 6 6 6
3 11 3 6 9 5 9 4 9
3 12 7 3 7 3 8 3 9 2 9 1 9 0 9 0 8
3 13 3 6 2 6 1 6 0
3 14 5 4 4 4 3 5 3 5 4 6 4
3 15 6 0 0 0 1 0 2 0 3 1 3 1 4
3 16 7 8 1 8 2 7 2 6 2 5 2 4 2 4 3
3 17 10 3 0 3 1 3 2 2 2 2 3 2 4 1 4 1 5 1 6 1 7
3 18 4 1 3 1 4 2 4 2 5
3 19 8 2 5 2 4 1 4 1 3 1 2 1 1 1 0 0 0
3 20 9 2 0 1 0 1 1 0 1 0 2 0 3 0 4 1 4 2 4
3 21 12 2 8 1 8 1 7 1 6 1 5 1 4 0 4 0 3 1 3 1 2 0 2 0 1
3 22 8 0 4 1 4 1 3 2 3 2 2 2 1 3 1 4 1
3 23 7 3 4 2 4 2 3 2 2 2 1 1 1 1 0
3 24 9 1 3 0 3 0 4 0 5 1 5 2 5 3 5 3 4 3 3
3 25 4 1 2 1 3 2 3 2 2
3 26 6 2 4 2 3 1 3 0 3 0 2 0 1
3 27 11 3 0 3 1 2 1 2 2 2 3 1 3 0 3 0 4 1 4 1 5 2 5
3 28 6 0 5 0 4 1 4 2 4 3 4 4 4
3 29 3 1 7 1 6 2 6
3 30 6 2 7 2 6 2 5 3 5 3 4 2 4
3 31 6 2 3 3 3 3 4 3 5 4 5 5 5
3 32 6 1 7 2 7 2 6 2 5 2 4 1 4
3 33 11 2 8 3 8 3 7 2 7 1 7 1 6 1 5 1 4 1 3 0 3 0 2
3 34 5 2 3 1 3 0 3 0 4 0 5
3 35 5 4 8 3 8 3 7 3 6 2 6
3 36 7 2 5 3 5 3 6 4 6 4 5 4 4 4 3
3 37 6 3 1 3 2 3 3 3 4 3 5 3 6
3 38 5 3 1 4 1 4 0 5 0 6 0
3 39 4 0 1 0 2 0 3 0 4
3 40 4 3 1 4 1 5 1 5 0
3 41 4 2 0 3 0 4 0 4 1
3 42 7 5 3 5 2 5 1 4 1 3 1 3 0 2 0
3 43 6 0 1 0 2 0 3 1 3 2 3 2 2
3 44 6 1 5 2 5 2 4 2 3 2 2 3 2
3 45 4 2 3 3 3 3 2 3 1
3 46 3 6 9 6 8 7 8
3 47 7 2 4 3 4 3 3 3 2 3 1 4 1 4 0
3 48 6 1 4 1 3 2 3 3 3 3 2 4 2
3 49 10 1 0 1 1 1 2 0 2 0 3 1 3 1 4 2 4 2 5 1 5
3 50 4 0 7 1 7 1 8 2 8
4 1 4 7 2 7 1 6 1 6 0
4 2 5 2 1 2 2 2 3 2 4 3 4
4 3 9 5 4 5 3 4 3 3 3 2 3 2 2 1 2 0 2 0 3
4 4 3 2 8 2 7 3 7
4 5 6 2 5 2 6 2 7 2 8 3 8 3 9
4 6 8 7 4 8 4 9 4 9 3 8 3 8 2 8 1 8 0
4 7 6 5 7 4 7 3 7 2 7 1 7 1 8
4 8 4 4 8 3 8 3 7 3 6
4 9 6 6 8 5 8 5 7 4 7 4 8 3 8
4 10 2 1 9 2 9
4 11 9 2 6 2 7 3 7 3 8 2 8 1 8 0 8 0 9 1 9
4 12 3 9 8 9 7 9 6
4 13 3 2 8 2 9 3 9
4 14 4 6 5 5 5 5 6 5 7
4 15 4 6 3 6 4 6 5 7 5
4 16 2 3 7 3 8
4 17 5 2 7 2 6 3 6 3 5 3 4
4 18 2 3 8 2 8
4 19 3 3 7 3 8 3 9
4 20 8 0 7 0 6 0 5 1 5 2 5 3 5 3 6 2 6
4 21 5 0 7 1 7 1 6 2 6 2 5
4 22 2 6 7 7 7
4 23 4 3 6 2 6 1 6 1 7
4 24 6 3 6 3 5 3 4 2 4 2 3 2 2
4 25 3 3 8 3 9 4 9
4 26 2 5 7 5 8
4 27 6 5 6 4 6 4 7 3 7 2 7 2 8
4 28 8 2 6 2 5 3 5 3 6 3 7 3 8 4 8 4 9
4 29 7 5 6 6 6 6 7 6 8 5 8 4 8 3 8
4 30 9 0 4 0 5 0 6 1 6 2 6 2 7 3 7 3 6 4 6
4 31 3 4 5 3 5 3 4
4 32 4 6 9 5 9 5 8 5 7
4 33 4 2 7 2 8 3 8 3 9
4 34 4 4 7 4 6 4 5 5 5
4 35 2 2 7 3 7
4 36 6 7 5 6 5 6 6 5 6 5 5 5 4
4 37 5 6 5 5 5 5 6 6 6 7 6
4 38 6 6 5 7 5 7 4 8 4 8 5 9 5
4 39 8 3 3 3 4 3 5 2 5 1 5 1 6 2 6 2 7
4 40 4 0 6 0 5 0 4 0 3
4 41 3 3 7 3 8 2 8
4 42 3 3 5 3 6 3 7
4 43 8 4 8 3 8 3 7 2 7 1 7 0 7 0 6 0 5
4 44 4 1 5 2 5 2 6 1 6
4 45 9 4 8 4 7 5 7 5 6 5 5 4 5 3 5 2 5 2 4
4 46 2 2 5 3 5
4 47 5 1 2 1 3 1 4 2 4 3 4
4 48 6 1 4 2 4 3 4 4 4 4 5 4 6
4 49 4 8 7 7 7 7 8 6 8
4 50 4 5 1 5 2 5 3 5 4
5 1 16 8 4 8 5 7 5 6 5 6 4 5 4 5 5 4 5 4 6 4 7 3 7 2 7 1 7 0 7 0 8 1 8
5 2 3 10 2 10 3 10 4
5 3 12 3 6 4 6 4 7 5 7 5 6 5 5 4 5 4 4 5 4 5 3 6 3 6 2
5 4 9 2 3 3 3 3 4 3 5 4 5 5 5 5 6 5 7 6 7
5 5 6 8 6 8 5 8 4 8 3 9 3 10 3
5 6 11 1 4 1 3 2 3 3 3 4 3 5 3 5 2 6 2 6 1 7 1 8 1
5 7 6 4 7 5 7 5 6 5 5 6 5 6 4
5 8 9 2 9 3 9 3 8 3 7 3 6 2 6 1 6 1 7 1 8
5 9 4 9 9 10 9 11 9 11 8
5 10 6 2 8 3 8 3 9 3 10 3 11 4 11
5 11 11 4 7 3 7 3 6 2 6 2 7 2 8 3 8 3 9 4 9 4 10 3 10
5 12 6 5 10 5 9 5 8 5 7 4 7 4 8
5 13 10 4 7 4 8 4 9 3 9 3 10 2 10 2 9 1 9 1 8 1 7
5 14 16 9 7 8 7 7 7 6 7 6 8 6 9 5 9 5 8 5 7 4 7 4 6 3 6 3 5 3 4 3 3 2 3
5 15 7 1 4 1 5 1 6 2 6 2 7 2 8 3 8
5 16 10 8 9 8 10 7 10 6 10 6 9 5 9 5 8 5 7 6 7 6 6
5 17 8 7 10 6 10 6 11 5 11 5 10 5 9 4 9 3 9
5 18 11 0 11 1 11 2 11 3 11 3 10 3 9 2 9 2 8 3 8 3 7 3 6
5 19 10 1 3 1 4 2 4 2 5 1 5 1 6 0 6 0 7 1 7 2 7
5 20 3 9 6 9 7 10 7
5 21 7 2 10 3 10 4 10 4 9 4 8 4 7 5 7
5 22 5 1 7 2 7 2 8 2 9 1 9
5 23 5 1 7 2 7 3 7 4 7 5 7
5 24 13 0 7 0 8 0 9 1 9 2 9 2 8 2 7 3 7 4 7 5 7 6 7 6 8 5 8
5 25 8 5 7 4 7 3 7 3 8 3 9 4 9 5 9 5 10
5 26 5 2 9 2 8 3 8 3 9 3 10
5 27 3 6 0 7 0 7 1
5 28 5 1 3 1 2 2 2 2 1 3 1
5 29 3 5 1 5 2 4 2
5 30 3 3 1 3 2 3 3
5 31 11 2 3 2 4 3 4 3 3 3 2 3 1 2 1 1 1 0 1 0 0 1 0
5 32 3 1 0 1 1 2 1
5 33 6 3 1 2 1 2 2 2 3 2 4 3 4
5 34 12 0 0 1 0 2 0 2 1 1 1 0 1 0 2 0 3 1 3 1 4 2 4 2 5
5 35 2 11 1 11 0
5 36 2 6 1 6 2
5 37 3 2 2 1 2 1 3
5 38 8 2 4 2 3 1 3 1 2 0 2 0 3 0 4 0 5
5 39 4 3 3 3 2 4 2 4 1
5 40 7 1 4 2 4 2 3 2 2 1 2 0 2 0 3
5 41 2 8 11 9 11
5 42 3 0 11 0 10 1 10
5 43 4 8 9 8 10 9 10 9 11
5 44 4 4 9 3 9 2 9 1 9
5 45 9 2 11 2 10 2 9 2 8 1 8 1 7 1 6 0 6 0 5
5 46 4 3 8 2 8 2 9 2 10
5 47 3 8 7 8 8 7 8
5 48 12 2 11 1 11 1 10 0 10 0 9 0 8 0 7 0 6 0 5 0 4 1 4 1 3
5 49 6 1 10 2 10 2 9 3 9 4 9 4 10
5 50 9 4 9 5 9 5 10 4 10 3 10 2 10 1 10 0 10 0 9
